39
tlo\tlo_4.jpg 0 0 0 0 0 0 0 0 0 255 100 40 490 0 460  | 

tlo\tlo_4.jpg 10 0 0 0 0 0 0 0 0 255 100 45 490 5 460  | 

tlo\tlo_4.jpg 20 0 0 0 0 0 0 0 0 255 100 50 490 10 460  | 

tlo\tlo_4.jpg 30 0 0 0 0 0 0 0 0 255 100 55 490 15 460  | 

tlo\tlo_4.jpg 40 0 0 0 0 0 0 0 0 255 100 60 490 20 460  | 

tlo\tlo_4.jpg 40 0 0 0 0 0 0 0 0 255 100 65 490 25 460  | 

tlo\tlo_4.jpg 40 0 0 0 0 0 0 0 0 255 100 70 490 30 460  | 

tlo\tlo_4.jpg 40 0 0 0 0 0 0 0 0 255 100 75 490 35 460  | 

tlo\tlo_4.jpg 40 0 0 0 0 0 0 0 0 255 100 80 490 40 460  | 

tlo\tlo_4.jpg 30 0 0 0 0 0 0 0 0 255 100 85 490 45 460  | 

tlo\tlo_4.jpg 30 0 0 0 0 0 0 0 0 255 100 90 490 50 460  | 

tlo\tlo_4.jpg 20 0 0 0 0 0 0 0 0 255 100 95 490 55 460  | 

tlo\tlo_4.jpg 10 0 0 0 0 0 0 0 0 255 100 100 490 60 460  | 

tlo\tlo_4.jpg 0 0 0 0 0 0 0 0 0 255 100 105 490 65 460  | 

tlo\tlo_4.jpg 0 0 0 0 0 0 0 0 0 255 100 110 490 70 460  | 

tlo\tlo_4.jpg 0 0 0 0 0 0 0 0 0 255 100 115 490 75 460  | 

tlo\tlo_4.jpg 0 0 0 0 0 0 0 0 0 255 100 120 490 80 460  | 

tlo\tlo_4.jpg 0 0 0 0 0 0 0 0 0 255 100 125 490 85 482  | 

tlo\tlo_4.jpg 0 0 0 0 0 0 0 0 0 255 100 130 490 90 482  | 

tlo\tlo_4.jpg 0 0 0 0 0 0 0 0 0 255 100 135 490 95 482  | 

tlo\tlo_4.jpg 0 0 0 0 0 0 0 0 0 255 100 140 490 100 482  | 

tlo\tlo_4.jpg 0 0 0 0 0 0 0 0 0 255 100 145 490 105 482  | 

tlo\tlo_4.jpg 0 0 0 0 0 0 0 0 0 255 100 145 490 110 482  | 

tlo\tlo_4.jpg 0 0 0 0 0 0 0 0 0 255 100 150 490 115 482  | 

tlo\tlo_4.jpg 0 0 0 0 0 0 0 0 0 255 100 155 490 120 482  | 

tlo\tlo_4.jpg 0 0 0 0 0 0 0 0 0 255 100 160 490 125 482  | 

tlo\tlo_4.jpg 0 0 0 0 0 0 0 0 0 255 100 165 490 130 482  | 

tlo\tlo_4.jpg 0 0 0 0 0 0 0 0 0 255 100 170 490 135 482  | 

tlo\tlo_4.jpg 0 0 0 0 0 0 0 0 0 255 100 175 490 140 482  | 

tlo\tlo_4.jpg 0 0 0 0 0 0 0 0 0 255 100 180 490 145 482  | 

tlo\tlo_4.jpg 0 0 0 0 0 0 0 0 0 255 100 185 490 150 482  | 

tlo\tlo_4.jpg 0 0 0 0 0 0 0 0 0 255 100 190 490 155 482  | 

tlo\tlo_4.jpg 0 0 0 0 0 0 0 0 0 255 100 195 490 160 482  | 

tlo\tlo_4.jpg 0 0 0 0 0 0 0 0 0 255 100 200 490 165 482  | 

tlo\tlo_4.jpg 0 0 0 0 0 0 0 0 0 255 100 205 490 170 482  | 

tlo\tlo_4.jpg 0 0 0 0 0 0 0 0 0 255 100 210 490 175 482  | 

tlo\tlo_4.jpg 0 0 0 0 0 0 0 0 0 255 100 215 490 180 482  | 

tlo\tlo_4.jpg 0 0 0 0 0 0 0 0 0 255 100 220 490 185 482  | 

tlo\tlo_4.jpg 0 0 0 0 0 0 0 0 0 255 100 225 490 190 482  | 

tlo\tlo_4.jpg 0 0 0 0 0 0 0 0 0 255 100 230 490 195 482  | 

